| Player                                | UID        | Acc | Agi | Pac | Wor | Jum | Fir | Dri | Cmp | Sta | Pos | Cnt | Fre | Cor | Fin | Ldr | OtB | Pas | Tec | Ant | Dec | Lon | Fla | Tck | Hea | Agg | Bra | Bal | Str | Det | Mar | Vis | Tea | Cro | Age |
| ---------------------------------------------------------------------------------------------------------------------------------------------------------------------------------------------------------------------------------------------------------------|
| Youssoufa Moukoko - Pick Player       | 2000074825 | 16  | 19  | 17  | 16  | 13  | 18  | 17  | 18  | 17  | 9   | 13  | 12  | 13  | 16  | 10  | 17  | 13  | 16  | 15  | 15  | 14  | 16  | 6   | 11  | 7   | 11  | 17  | 15  | 17  | 11  | 14  | 11  | 9   | 23  |
| ---------------------------------------------------------------------------------------------------------------------------------------------------------------------------------------------------------------------------------------------------------------|
| Thiago Almada - Pick Player           | 14172522   | 14  | 16  | 13  | 12  | 4   | 17  | 16  | 17  | 15  | 12  | 14  | 15  | 14  | 13  | 8   | 17  | 15  | 16  | 15  | 14  | 14  | 17  | 5   | 6   | 13  | 9   | 14  | 10  | 17  | 8   | 17  | 14  | 13  | 27  |
| ---------------------------------------------------------------------------------------------------------------------------------------------------------------------------------------------------------------------------------------------------------------|
| Ibrahim Zagré - Pick Player           | 2000435828 | 15  | 15  | 15  | 17  | 15  | 15  | 17  | 16  | 16  | 12  | 11  | 11  | 12  | 16  | 13  | 14  | 14  | 14  | 17  | 14  | 13  | 14  | 4   | 17  | 10  | 10  | 15  | 15  | 14  | 7   | 16  | 13  | 11  | 21  |
| ---------------------------------------------------------------------------------------------------------------------------------------------------------------------------------------------------------------------------------------------------------------|
| Abdulaziz Yılmazer - Pick Player      | 2000433229 | 19  | 17  | 16  | 14  | 14  | 16  | 15  | 16  | 16  | 9   | 12  | 5   | 10  | 8   | 12  | 14  | 13  | 15  | 13  | 15  | 12  | 14  | 7   | 9   | 13  | 9   | 19  | 14  | 15  | 9   | 13  | 12  | 14  | 22  |
| ---------------------------------------------------------------------------------------------------------------------------------------------------------------------------------------------------------------------------------------------------------------|
| Eduardo Camavinga - Pick Player       | 49056243   | 15  | 16  | 14  | 16  | 13  | 16  | 13  | 16  | 15  | 17  | 14  | 6   | 8   | 8   | 16  | 14  | 15  | 16  | 17  | 15  | 9   | 13  | 16  | 10  | 12  | 13  | 15  | 13  | 16  | 15  | 15  | 12  | 8   | 25  |
| ---------------------------------------------------------------------------------------------------------------------------------------------------------------------------------------------------------------------------------------------------------------|
| Gianluigi Donnarumma - Pick Player    | 43252073   | 11  | 16  | 12  | 13  | 18  | 9   | 4   | 16  | 16  | 16  | 16  | 2   | 1   | 1   | 16  | 2   | 9   | 6   | 17  | 16  | 1   | 6   | 7   | 6   | 8   | 15  | 16  | 16  | 15  | 1   | 12  | 16  | 1   | 29  |
| ---------------------------------------------------------------------------------------------------------------------------------------------------------------------------------------------------------------------------------------------------------------|
| Ryan Gravenberch - Pick Player        | 37071197   | 15  | 17  | 14  | 14  | 18  | 16  | 15  | 16  | 15  | 12  | 15  | 15  | 15  | 11  | 12  | 17  | 16  | 16  | 15  | 16  | 13  | 16  | 11  | 13  | 6   | 13  | 16  | 13  | 14  | 10  | 16  | 14  | 14  | 26  |
| ---------------------------------------------------------------------------------------------------------------------------------------------------------------------------------------------------------------------------------------------------------------|
| Manuel Oliveira - Pick Player         | 2000434824 | 18  | 17  | 16  | 13  | 15  | 17  | 19  | 15  | 14  | 12  | 11  | 16  | 14  | 12  | 8   | 17  | 13  | 18  | 14  | 16  | 13  | 16  | 7   | 12  | 9   | 7   | 19  | 13  | 19  | 9   | 14  | 15  | 14  | 22  |
| ---------------------------------------------------------------------------------------------------------------------------------------------------------------------------------------------------------------------------------------------------------------|
| Jhonatan Mejía - Pick Player          | 2000415671 | 15  | 17  | 16  | 15  | 8   | 14  | 17  | 15  | 17  | 12  | 14  | 16  | 13  | 13  | 9   | 16  | 18  | 16  | 16  | 18  | 16  | 17  | 9   | 9   | 10  | 12  | 19  | 12  | 18  | 12  | 18  | 12  | 12  | 21  |
| ---------------------------------------------------------------------------------------------------------------------------------------------------------------------------------------------------------------------------------------------------------------|
| Nicolai Witt - Pick Player            | 2000322718 | 13  | 17  | 15  | 15  | 19  | 13  | 10  | 15  | 15  | 13  | 15  | 7   | 7   | 5   | 9   | 10  | 11  | 15  | 14  | 14  | 9   | 10  | 16  | 12  | 14  | 11  | 19  | 15  | 15  | 13  | 11  | 18  | 7   | 23  |
| ---------------------------------------------------------------------------------------------------------------------------------------------------------------------------------------------------------------------------------------------------------------|
| Karl-Heinz Heckenberger - Pick Player | 2000232571 | 13  | 15  | 13  | 12  | 14  | 18  | 15  | 15  | 14  | 11  | 11  | 16  | 12  | 16  | 8   | 17  | 17  | 18  | 17  | 17  | 12  | 19  | 12  | 9   | 7   | 18  | 19  | 12  | 20  | 9   | 15  | 13  | 10  | 23  |
| ---------------------------------------------------------------------------------------------------------------------------------------------------------------------------------------------------------------------------------------------------------------|
| Juan Carlos - Pick Player             | 2000192885 | 15  | 14  | 14  | 16  | 9   | 18  | 16  | 15  | 15  | 11  | 9   | 15  | 15  | 12  | 6   | 16  | 11  | 16  | 14  | 14  | 17  | 16  | 7   | 12  | 8   | 8   | 18  | 12  | 17  | 9   | 15  | 17  | 13  | 22  |
| ---------------------------------------------------------------------------------------------------------------------------------------------------------------------------------------------------------------------------------------------------------------|
| Romelu Lukaku - Pick Player           | 18007344   | 12  | 10  | 13  | 18  | 16  | 15  | 13  | 15  | 12  | 7   | 14  | 11  | 4   | 17  | 16  | 15  | 13  | 15  | 17  | 15  | 13  | 14  | 9   | 16  | 16  | 16  | 19  | 17  | 18  | 5   | 11  | 18  | 9   | 35  |
| ---------------------------------------------------------------------------------------------------------------------------------------------------------------------------------------------------------------------------------------------------------------|
| Luís Ricardo - Pick Player            | 2000410716 | 17  | 16  | 15  | 16  | 9   | 17  | 17  | 14  | 16  | 10  | 13  | 9   | 8   | 10  | 3   | 14  | 16  | 15  | 14  | 14  | 12  | 13  | 7   | 10  | 9   | 13  | 15  | 13  | 12  | 10  | 15  | 12  | 11  | 22  |
| ---------------------------------------------------------------------------------------------------------------------------------------------------------------------------------------------------------------------------------------------------------------|
| Alfredo Piecenti - Pick Player        | 2000272907 | 18  | 16  | 16  | 13  | 14  | 12  | 10  | 14  | 13  | 16  | 15  | 8   | 10  | 10  | 16  | 10  | 12  | 11  | 14  | 15  | 8   | 5   | 13  | 15  | 10  | 20  | 18  | 16  | 14  | 15  | 12  | 17  | 8   | 23  |
| ---------------------------------------------------------------------------------------------------------------------------------------------------------------------------------------------------------------------------------------------------------------|
| Nico Williams - Pick Player           | 67276230   | 17  | 16  | 15  | 12  | 13  | 16  | 16  | 14  | 14  | 12  | 13  | 10  | 8   | 12  | 4   | 14  | 10  | 16  | 12  | 14  | 13  | 14  | 10  | 11  | 7   | 6   | 15  | 12  | 16  | 12  | 14  | 12  | 13  | 26  |
| ---------------------------------------------------------------------------------------------------------------------------------------------------------------------------------------------------------------------------------------------------------------|
| Carlos Soler - Pick Player            | 67196204   | 14  | 15  | 15  | 15  | 10  | 14  | 13  | 14  | 14  | 13  | 13  | 11  | 13  | 13  | 15  | 14  | 16  | 15  | 15  | 13  | 13  | 14  | 10  | 11  | 13  | 12  | 13  | 14  | 15  | 12  | 15  | 12  | 13  | 31  |
| ---------------------------------------------------------------------------------------------------------------------------------------------------------------------------------------------------------------------------------------------------------------|
| Manuel Locatelli - Pick Player        | 43167354   | 13  | 15  | 14  | 15  | 14  | 16  | 12  | 14  | 13  | 15  | 15  | 8   | 11  | 10  | 14  | 14  | 16  | 16  | 16  | 14  | 13  | 14  | 15  | 11  | 15  | 16  | 14  | 14  | 16  | 12  | 17  | 14  | 11  | 30  |
| ---------------------------------------------------------------------------------------------------------------------------------------------------------------------------------------------------------------------------------------------------------------|
| Teun Koopmeiners - Pick Player        | 37057982   | 12  | 16  | 14  | 16  | 13  | 15  | 10  | 14  | 16  | 15  | 15  | 16  | 11  | 8   | 16  | 11  | 16  | 14  | 13  | 16  | 12  | 8   | 12  | 11  | 12  | 13  | 16  | 15  | 18  | 13  | 15  | 15  | 12  | 30  |
| ---------------------------------------------------------------------------------------------------------------------------------------------------------------------------------------------------------------------------------------------------------------|
| Kenedy - Pick Player                  | 2000410526 | 18  | 20  | 16  | 17  | 12  | 14  | 14  | 13  | 17  | 12  | 14  | 4   | 5   | 6   | 17  | 16  | 17  | 12  | 15  | 16  | 7   | 12  | 12  | 9   | 10  | 18  | 19  | 12  | 17  | 10  | 16  | 14  | 12  | 22  |
| ---------------------------------------------------------------------------------------------------------------------------------------------------------------------------------------------------------------------------------------------------------------|
| Amar Forsberg - Pick Player           | 2000397706 | 12  | 14  | 16  | 15  | 18  | 15  | 6   | 13  | 15  | 19  | 16  | 6   | 6   | 4   | 6   | 10  | 11  | 11  | 15  | 14  | 6   | 4   | 14  | 16  | 16  | 13  | 15  | 17  | 20  | 14  | 11  | 14  | 6   | 23  |
| ---------------------------------------------------------------------------------------------------------------------------------------------------------------------------------------------------------------------------------------------------------------|
| Mamoudou Camara - Pick Player         | 2000197834 | 17  | 17  | 15  | 13  | 6   | 16  | 16  | 13  | 14  | 7   | 10  | 10  | 11  | 14  | 13  | 17  | 13  | 15  | 14  | 15  | 9   | 13  | 6   | 10  | 8   | 11  | 13  | 15  | 15  | 3   | 8   | 8   | 8   | 23  |
| ---------------------------------------------------------------------------------------------------------------------------------------------------------------------------------------------------------------------------------------------------------------|
| Marco Alves - Pick Player             | 2000189590 | 16  | 18  | 15  | 12  | 9   | 15  | 10  | 13  | 18  | 14  | 16  | 6   | 8   | 9   | 11  | 11  | 12  | 14  | 15  | 16  | 13  | 10  | 18  | 14  | 12  | 19  | 18  | 14  | 18  | 16  | 13  | 12  | 9   | 23  |
| ---------------------------------------------------------------------------------------------------------------------------------------------------------------------------------------------------------------------------------------------------------------|
| Nuno Mendes - Pick Player             | 83261910   | 16  | 17  | 15  | 14  | 13  | 15  | 16  | 13  | 15  | 14  | 15  | 7   | 12  | 10  | 10  | 14  | 13  | 14  | 17  | 16  | 10  | 13  | 13  | 11  | 12  | 11  | 15  | 14  | 15  | 14  | 14  | 12  | 15  | 26  |
| ---------------------------------------------------------------------------------------------------------------------------------------------------------------------------------------------------------------------------------------------------------------|
| Olexandr Zinchenko - Pick Player      | 71081391   | 13  | 16  | 14  | 15  | 9   | 14  | 11  | 13  | 13  | 9   | 13  | 12  | 11  | 9   | 6   | 13  | 13  | 14  | 14  | 13  | 11  | 13  | 9   | 11  | 12  | 14  | 14  | 9   | 16  | 9   | 13  | 16  | 12  | 31  |
| ---------------------------------------------------------------------------------------------------------------------------------------------------------------------------------------------------------------------------------------------------------------|
| Andrea Papetti - Pick Player          | 43425644   | 15  | 16  | 15  | 13  | 17  | 12  | 11  | 13  | 15  | 14  | 14  | 5   | 4   | 9   | 10  | 11  | 12  | 12  | 16  | 14  | 8   | 6   | 13  | 16  | 14  | 12  | 15  | 14  | 17  | 14  | 14  | 13  | 8   | 26  |
| ---------------------------------------------------------------------------------------------------------------------------------------------------------------------------------------------------------------------------------------------------------------|
| Juan Guerra - Pick Player             | 2000511832 | 12  | 16  | 13  | 14  | 7   | 17  | 14  | 12  | 14  | 9   | 8   | 12  | 10  | 9   | 9   | 11  | 15  | 18  | 15  | 15  | 11  | 15  | 10  | 8   | 11  | 7   | 13  | 9   | 13  | 8   | 16  | 9   | 11  | 21  |
| ---------------------------------------------------------------------------------------------------------------------------------------------------------------------------------------------------------------------------------------------------------------|
| Luciano Puglisi - Pick Player         | 2000191663 | 16  | 17  | 16  | 15  | 17  | 14  | 12  | 12  | 15  | 17  | 14  | 5   | 7   | 7   | 4   | 14  | 13  | 17  | 16  | 15  | 11  | 12  | 14  | 12  | 11  | 18  | 19  | 16  | 17  | 14  | 16  | 12  | 15  | 23  |
| ---------------------------------------------------------------------------------------------------------------------------------------------------------------------------------------------------------------------------------------------------------------|
| Duško Čikić - Pick Player             | 2000191147 | 14  | 17  | 16  | 15  | 17  | 11  | 9   | 12  | 17  | 14  | 15  | 12  | 9   | 10  | 15  | 10  | 12  | 15  | 15  | 14  | 12  | 12  | 16  | 10  | 19  | 14  | 16  | 16  | 15  | 13  | 13  | 13  | 9   | 23  |
| ---------------------------------------------------------------------------------------------------------------------------------------------------------------------------------------------------------------------------------------------------------------|
| Morten Sørensen - Pick Player         | 2000189231 | 9   | 17  | 7   | 16  | 16  | 9   | 3   | 12  | 15  | 12  | 14  | 9   | 6   | 1   | 11  | 2   | 12  | 8   | 14  | 16  | 2   | 2   | 2   | 2   | 9   | 10  | 19  | 11  | 15  | 2   | 17  | 19  | 3   | 23  |
| ---------------------------------------------------------------------------------------------------------------------------------------------------------------------------------------------------------------------------------------------------------------|
| Rasmus Jönsson - Pick Player          | 2000397710 | 18  | 18  | 18  | 13  | 14  | 18  | 15  | 11  | 13  | 7   | 9   | 10  | 9   | 8   | 8   | 14  | 16  | 16  | 14  | 14  | 10  | 15  | 5   | 10  | 16  | 9   | 14  | 12  | 15  | 5   | 15  | 9   | 10  | 23  |
| ---------------------------------------------------------------------------------------------------------------------------------------------------------------------------------------------------------------------------------------------------------------|
| Sorin Tudor - Pick Player             | 2000335174 | 13  | 15  | 15  | 15  | 20  | 10  | 9   | 8   | 17  | 18  | 14  | 7   | 5   | 5   | 14  | 12  | 11  | 9   | 15  | 13  | 9   | 10  | 18  | 13  | 16  | 16  | 15  | 14  | 17  | 15  | 11  | 13  | 7   | 23  |
| ---------------------------------------------------------------------------------------------------------------------------------------------------------------------------------------------------------------------------------------------------------------|
| Michele Ceccarelli - Pick Player      | 2000323829 | 12  | 16  | 10  | 10  | 17  | 7   | 3   | 7   | 12  | 14  | 15  | 9   | 5   | 2   | 6   | 3   | 8   | 12  | 13  | 17  | 3   | 1   | 2   | 1   | 6   | 12  | 12  | 12  | 16  | 3   | 10  | 15  | 2   | 23  |
| ---------------------------------------------------------------------------------------------------------------------------------------------------------------------------------------------------------------------------------------------------------------|
