| Player                               | UID        | Acc | Agi | Pac | Wor | Jum | Fir | Dri | Cmp | Sta | Pos | Cnt | Fre | Cor | Fin | OtB | Pas | Tec | Ant | Dec | Lon | Fla | Tck | Hea | Agg | Bra | Bal | Str | Det | Mar | Ldr | Vis | Tea | Cro | Age | 
| --------------------------------------------------------------------------------------------------------------------------------------------------------------------------------------------------------------------------------------------------------------| 
| Juan Manuel - Pick Player            | 2000629223 | 7   | 16  | 8   | 13  | 14  | 4   | 3   | 9   | 10  | 11  | 12  | 5   | 1   | 1   | 1   | 9   | 5   | 11  | 10  | 1   | 3   | 3   | 1   | 11  | 10  | 12  | 6   | 11  | 1   | 8   | 13  | 8   | 2   | 19  | 
| --------------------------------------------------------------------------------------------------------------------------------------------------------------------------------------------------------------------------------------------------------------| 
| Aitor Morcillo - Pick Player         | 2000631374 | 12  | 14  | 12  | 13  | 14  | 11  | 9   | 9   | 14  | 11  | 11  | 3   | 5   | 6   | 8   | 10  | 11  | 10  | 12  | 7   | 6   | 13  | 6   | 13  | 8   | 10  | 10  | 15  | 9   | 5   | 10  | 18  | 7   | 18  | 
| --------------------------------------------------------------------------------------------------------------------------------------------------------------------------------------------------------------------------------------------------------------| 
| Cédric Picard - Pick Player          | 2000566055 | 10  | 11  | 10  | 14  | 14  | 6   | 4   | 10  | 13  | 11  | 12  | 5   | 4   | 5   | 7   | 8   | 7   | 11  | 12  | 5   | 4   | 12  | 8   | 8   | 18  | 9   | 12  | 16  | 9   | 5   | 6   | 11  | 5   | 20  | 
| --------------------------------------------------------------------------------------------------------------------------------------------------------------------------------------------------------------------------------------------------------------| 
| Pepe Martí - Pick Player             | 2000509918 | 9   | 12  | 11  | 13  | 17  | 6   | 9   | 11  | 10  | 9   | 11  | 11  | 8   | 5   | 9   | 12  | 11  | 11  | 12  | 10  | 8   | 12  | 11  | 8   | 10  | 10  | 12  | 10  | 12  | 4   | 14  | 14  | 6   | 21  | 
| --------------------------------------------------------------------------------------------------------------------------------------------------------------------------------------------------------------------------------------------------------------| 
| Jonay - Pick Player                  | 2000570836 | 10  | 11  | 13  | 8   | 12  | 11  | 6   | 10  | 12  | 14  | 12  | 4   | 5   | 5   | 9   | 12  | 12  | 16  | 14  | 8   | 8   | 14  | 9   | 14  | 13  | 9   | 13  | 13  | 9   | 5   | 6   | 11  | 6   | 20  | 
| --------------------------------------------------------------------------------------------------------------------------------------------------------------------------------------------------------------------------------------------------------------| 
| Jason Faltermeier - Pick Player      | 2000435779 | 13  | 12  | 12  | 13  | 13  | 16  | 11  | 12  | 13  | 9   | 8   | 9   | 6   | 5   | 10  | 14  | 14  | 14  | 14  | 9   | 10  | 8   | 9   | 12  | 17  | 17  | 12  | 5   | 4   | 8   | 15  | 15  | 3   | 22  | 
| --------------------------------------------------------------------------------------------------------------------------------------------------------------------------------------------------------------------------------------------------------------| 
| Moussa Aboua - Pick Player           | 2000188777 | 11  | 16  | 13  | 12  | 10  | 13  | 9   | 12  | 12  | 4   | 6   | 10  | 8   | 7   | 11  | 10  | 17  | 12  | 11  | 10  | 15  | 5   | 7   | 8   | 10  | 11  | 12  | 12  | 3   | 3   | 13  | 16  | 8   | 23  | 
| --------------------------------------------------------------------------------------------------------------------------------------------------------------------------------------------------------------------------------------------------------------| 
| Evangelos Alexopoulos - Pick Player  | 2000658599 | 16  | 14  | 15  | 11  | 8   | 10  | 13  | 9   | 13  | 3   | 7   | 9   | 9   | 5   | 12  | 14  | 10  | 9   | 8   | 7   | 9   | 3   | 6   | 11  | 10  | 8   | 8   | 7   | 4   | 8   | 7   | 8   | 13  | 18  | 
| --------------------------------------------------------------------------------------------------------------------------------------------------------------------------------------------------------------------------------------------------------------| 
| Juraj Horvath - Pick Player          | 2000189395 | 11  | 10  | 9   | 7   | 10  | 16  | 13  | 10  | 14  | 4   | 8   | 10  | 8   | 10  | 10  | 13  | 13  | 13  | 13  | 13  | 11  | 3   | 10  | 11  | 8   | 9   | 9   | 8   | 4   | 14  | 10  | 10  | 7   | 23  | 
| --------------------------------------------------------------------------------------------------------------------------------------------------------------------------------------------------------------------------------------------------------------| 
| Adriano Ferazzoli - Pick Player      | 2000506119 | 14  | 11  | 12  | 13  | 6   | 16  | 9   | 12  | 13  | 7   | 6   | 7   | 6   | 11  | 13  | 14  | 12  | 8   | 14  | 9   | 12  | 4   | 9   | 5   | 7   | 15  | 12  | 13  | 5   | 7   | 12  | 12  | 7   | 21  | 
| --------------------------------------------------------------------------------------------------------------------------------------------------------------------------------------------------------------------------------------------------------------| 
| Alberto Mateo - Pick Player          | 2000710525 | 10  | 15  | 12  | 13  | 11  | 12  | 11  | 10  | 12  | 8   | 10  | 5   | 7   | 7   | 16  | 14  | 16  | 14  | 17  | 13  | 13  | 6   | 9   | 13  | 9   | 10  | 10  | 13  | 5   | 7   | 14  | 8   | 9   | 17  | 
| --------------------------------------------------------------------------------------------------------------------------------------------------------------------------------------------------------------------------------------------------------------| 
| Erik Kurdov - Pick Player            | 2000566868 | 13  | 11  | 8   | 15  | 14  | 7   | 6   | 10  | 15  | 11  | 13  | 5   | 5   | 3   | 4   | 7   | 5   | 9   | 12  | 4   | 6   | 12  | 8   | 16  | 9   | 10  | 14  | 16  | 12  | 13  | 7   | 12  | 5   | 20  | 
| --------------------------------------------------------------------------------------------------------------------------------------------------------------------------------------------------------------------------------------------------------------| 
| Armando D'Amato - Pick Player        | 2000567834 | 11  | 11  | 11  | 14  | 14  | 9   | 7   | 8   | 12  | 13  | 11  | 4   | 5   | 5   | 8   | 8   | 10  | 12  | 12  | 7   | 8   | 14  | 12  | 10  | 17  | 11  | 9   | 10  | 11  | 13  | 11  | 12  | 5   | 20  | 
| --------------------------------------------------------------------------------------------------------------------------------------------------------------------------------------------------------------------------------------------------------------| 
| Ruymán - Pick Player                 | 2000442664 | 13  | 16  | 12  | 16  | 14  | 9   | 8   | 9   | 14  | 9   | 8   | 9   | 7   | 9   | 12  | 14  | 11  | 10  | 11  | 7   | 11  | 7   | 7   | 8   | 8   | 12  | 11  | 14  | 6   | 8   | 10  | 12  | 11  | 22  | 
| --------------------------------------------------------------------------------------------------------------------------------------------------------------------------------------------------------------------------------------------------------------| 
| Mikel Oyarzun - Pick Player          | 2000439254 | 9   | 9   | 8   | 16  | 15  | 11  | 5   | 6   | 17  | 13  | 12  | 9   | 5   | 1   | 3   | 7   | 14  | 6   | 13  | 5   | 3   | 6   | 8   | 11  | 13  | 10  | 14  | 15  | 8   | 12  | 7   | 12  | 4   | 22  | 
| --------------------------------------------------------------------------------------------------------------------------------------------------------------------------------------------------------------------------------------------------------------| 
| Roberto Aizpurua - Pick Player       | 2000439253 | 11  | 16  | 12  | 11  | 12  | 8   | 9   | 13  | 11  | 7   | 6   | 7   | 6   | 7   | 13  | 12  | 10  | 8   | 11  | 10  | 8   | 5   | 10  | 11  | 9   | 15  | 11  | 11  | 5   | 3   | 9   | 12  | 9   | 22  | 
| --------------------------------------------------------------------------------------------------------------------------------------------------------------------------------------------------------------------------------------------------------------| 
| Sebastian Stefansen - Pick Player    | 2000506681 | 15  | 13  | 14  | 11  | 15  | 10  | 10  | 11  | 13  | 1   | 4   | 5   | 4   | 14  | 11  | 8   | 14  | 9   | 12  | 7   | 14  | 1   | 6   | 7   | 8   | 12  | 9   | 12  | 5   | 12  | 7   | 7   | 6   | 21  | 
| --------------------------------------------------------------------------------------------------------------------------------------------------------------------------------------------------------------------------------------------------------------| 
| Michele Faraone - Pick Player        | 2000439673 | 13  | 16  | 12  | 11  | 9   | 11  | 11  | 13  | 14  | 5   | 5   | 12  | 9   | 6   | 11  | 12  | 12  | 11  | 13  | 9   | 11  | 6   | 7   | 17  | 7   | 12  | 8   | 4   | 4   | 6   | 12  | 11  | 7   | 22  | 
| --------------------------------------------------------------------------------------------------------------------------------------------------------------------------------------------------------------------------------------------------------------| 
| Nacer Brahimi - Pick Player          | 2000199524 | 8   | 10  | 9   | 10  | 16  | 8   | 6   | 12  | 12  | 12  | 12  | 4   | 6   | 3   | 7   | 7   | 11  | 14  | 12  | 5   | 5   | 12  | 7   | 13  | 16  | 14  | 12  | 16  | 12  | 13  | 8   | 9   | 7   | 23  | 
| --------------------------------------------------------------------------------------------------------------------------------------------------------------------------------------------------------------------------------------------------------------| 
| Ramazan Cengiz - Pick Player         | 2000435409 | 15  | 15  | 13  | 7   | 9   | 10  | 10  | 9   | 10  | 6   | 7   | 11  | 7   | 8   | 14  | 12  | 10  | 12  | 9   | 6   | 9   | 3   | 5   | 10  | 9   | 10  | 6   | 4   | 4   | 9   | 11  | 7   | 7   | 21  | 
| --------------------------------------------------------------------------------------------------------------------------------------------------------------------------------------------------------------------------------------------------------------| 
| Iñaki Vélez - Pick Player            | 2000439250 | 10  | 12  | 12  | 15  | 17  | 8   | 8   | 9   | 13  | 12  | 11  | 6   | 3   | 5   | 8   | 9   | 4   | 9   | 11  | 7   | 5   | 12  | 8   | 9   | 15  | 11  | 13  | 10  | 9   | 13  | 8   | 12  | 4   | 22  | 
| --------------------------------------------------------------------------------------------------------------------------------------------------------------------------------------------------------------------------------------------------------------| 
| Diego Sarriegi - Pick Player         | 2000439257 | 14  | 13  | 10  | 7   | 5   | 10  | 13  | 10  | 10  | 7   | 8   | 11  | 8   | 11  | 10  | 8   | 12  | 11  | 12  | 11  | 10  | 5   | 15  | 8   | 7   | 13  | 9   | 11  | 4   | 11  | 12  | 8   | 10  | 22  | 
| --------------------------------------------------------------------------------------------------------------------------------------------------------------------------------------------------------------------------------------------------------------| 
| Cédric Basile - Pick Player          | 2000506654 | 11  | 12  | 12  | 12  | 12  | 10  | 9   | 13  | 13  | 14  | 11  | 8   | 7   | 9   | 10  | 10  | 11  | 12  | 15  | 11  | 7   | 11  | 8   | 13  | 6   | 10  | 11  | 14  | 10  | 4   | 13  | 13  | 6   | 21  | 
| --------------------------------------------------------------------------------------------------------------------------------------------------------------------------------------------------------------------------------------------------------------| 
| Pablo Pérez - Pick Player            | 2000511072 | 15  | 12  | 13  | 10  | 9   | 14  | 10  | 13  | 10  | 3   | 3   | 4   | 4   | 7   | 12  | 10  | 14  | 7   | 9   | 8   | 13  | 2   | 7   | 11  | 17  | 13  | 7   | 14  | 3   | 11  | 8   | 14  | 7   | 21  | 
| --------------------------------------------------------------------------------------------------------------------------------------------------------------------------------------------------------------------------------------------------------------| 
| Mateo Gómez - Pick Player            | 2000512705 | 11  | 12  | 11  | 10  | 16  | 9   | 6   | 11  | 15  | 12  | 10  | 8   | 8   | 5   | 6   | 9   | 7   | 11  | 12  | 6   | 9   | 11  | 10  | 10  | 17  | 15  | 12  | 14  | 12  | 15  | 7   | 9   | 7   | 21  | 
| --------------------------------------------------------------------------------------------------------------------------------------------------------------------------------------------------------------------------------------------------------------| 
| Federico Trinidad - Pick Player      | 2000561699 | 14  | 12  | 9   | 10  | 9   | 16  | 12  | 13  | 12  | 7   | 6   | 9   | 8   | 16  | 13  | 9   | 15  | 11  | 11  | 9   | 14  | 3   | 15  | 9   | 7   | 14  | 9   | 12  | 6   | 7   | 8   | 13  | 6   | 20  | 
| --------------------------------------------------------------------------------------------------------------------------------------------------------------------------------------------------------------------------------------------------------------| 
| Cláudio Mendes - Pick Player         | 2000565719 | 12  | 14  | 11  | 14  | 13  | 6   | 1   | 8   | 11  | 15  | 14  | 5   | 2   | 2   | 1   | 13  | 8   | 9   | 12  | 2   | 3   | 3   | 1   | 10  | 11  | 14  | 10  | 12  | 1   | 15  | 7   | 11  | 3   | 20  | 
| --------------------------------------------------------------------------------------------------------------------------------------------------------------------------------------------------------------------------------------------------------------| 
| Diego Le Coz - Pick Player           | 2000566166 | 11  | 11  | 10  | 11  | 7   | 13  | 12  | 13  | 10  | 10  | 9   | 9   | 9   | 4   | 12  | 14  | 16  | 13  | 13  | 7   | 15  | 8   | 7   | 15  | 19  | 14  | 8   | 6   | 6   | 11  | 12  | 9   | 10  | 20  | 
| --------------------------------------------------------------------------------------------------------------------------------------------------------------------------------------------------------------------------------------------------------------| 
| Hervé Alves - Pick Player            | 2000566859 | 16  | 16  | 15  | 9   | 4   | 12  | 12  | 10  | 16  | 6   | 8   | 11  | 10  | 8   | 12  | 11  | 14  | 11  | 12  | 5   | 12  | 4   | 10  | 13  | 4   | 11  | 7   | 10  | 6   | 7   | 6   | 8   | 8   | 19  | 
| --------------------------------------------------------------------------------------------------------------------------------------------------------------------------------------------------------------------------------------------------------------| 
| Buster Juul Vibe - Pick Player       | 2000566892 | 12  | 16  | 15  | 10  | 14  | 14  | 16  | 9   | 16  | 7   | 8   | 5   | 6   | 13  | 12  | 9   | 13  | 12  | 12  | 10  | 10  | 4   | 6   | 8   | 6   | 16  | 8   | 13  | 4   | 14  | 11  | 11  | 9   | 20  | 
| --------------------------------------------------------------------------------------------------------------------------------------------------------------------------------------------------------------------------------------------------------------| 
| Emanuel Busnja - Pick Player         | 2000567525 | 8   | 12  | 12  | 6   | 13  | 4   | 3   | 7   | 7   | 9   | 10  | 5   | 3   | 1   | 1   | 11  | 5   | 9   | 13  | 2   | 1   | 2   | 1   | 5   | 12  | 15  | 7   | 10  | 2   | 3   | 14  | 5   | 3   | 20  | 
| --------------------------------------------------------------------------------------------------------------------------------------------------------------------------------------------------------------------------------------------------------------| 
| Pavel Sedlacek - Pick Player         | 2000567549 | 16  | 12  | 13  | 12  | 12  | 11  | 7   | 12  | 13  | 3   | 7   | 5   | 6   | 11  | 13  | 8   | 14  | 8   | 10  | 9   | 14  | 3   | 12  | 7   | 7   | 10  | 10  | 8   | 3   | 1   | 10  | 7   | 5   | 20  | 
| --------------------------------------------------------------------------------------------------------------------------------------------------------------------------------------------------------------------------------------------------------------| 
| Matt Bonfield - Pick Player          | 2000567798 | 12  | 15  | 13  | 12  | 9   | 8   | 6   | 8   | 16  | 13  | 11  | 4   | 6   | 4   | 8   | 9   | 7   | 13  | 13  | 7   | 10  | 10  | 9   | 7   | 19  | 12  | 7   | 12  | 12  | 8   | 12  | 10  | 9   | 20  | 
| --------------------------------------------------------------------------------------------------------------------------------------------------------------------------------------------------------------------------------------------------------------| 
| Jorge - Pick Player                  | 2000571911 | 9   | 11  | 13  | 16  | 5   | 14  | 7   | 8   | 14  | 12  | 12  | 11  | 10  | 7   | 9   | 13  | 11  | 12  | 12  | 8   | 4   | 11  | 7   | 8   | 14  | 16  | 12  | 12  | 10  | 5   | 7   | 12  | 5   | 19  | 
| --------------------------------------------------------------------------------------------------------------------------------------------------------------------------------------------------------------------------------------------------------------| 
| Frédéric Pelletier - Pick Player     | 2000573450 | 17  | 13  | 13  | 7   | 8   | 13  | 12  | 11  | 9   | 2   | 7   | 6   | 8   | 6   | 13  | 13  | 13  | 10  | 13  | 7   | 14  | 5   | 4   | 7   | 10  | 12  | 7   | 11  | 8   | 13  | 10  | 10  | 11  | 20  | 
| --------------------------------------------------------------------------------------------------------------------------------------------------------------------------------------------------------------------------------------------------------------| 
| Gaizka Casado - Pick Player          | 2000629746 | 10  | 12  | 10  | 14  | 8   | 16  | 11  | 13  | 12  | 9   | 10  | 8   | 8   | 6   | 12  | 13  | 15  | 13  | 12  | 7   | 14  | 7   | 15  | 7   | 5   | 15  | 8   | 10  | 7   | 6   | 15  | 13  | 7   | 19  | 
| --------------------------------------------------------------------------------------------------------------------------------------------------------------------------------------------------------------------------------------------------------------| 
| José Ángel Mansilla - Pick Player    | 2000631647 | 11  | 14  | 13  | 12  | 7   | 11  | 7   | 11  | 12  | 10  | 12  | 5   | 7   | 7   | 6   | 11  | 10  | 13  | 15  | 6   | 8   | 15  | 9   | 11  | 16  | 12  | 12  | 8   | 12  | 6   | 9   | 8   | 8   | 19  | 
| --------------------------------------------------------------------------------------------------------------------------------------------------------------------------------------------------------------------------------------------------------------| 
| Héctor Otiniano - Pick Player        | 2000647504 | 12  | 13  | 10  | 16  | 4   | 11  | 9   | 8   | 14  | 9   | 13  | 3   | 6   | 5   | 9   | 9   | 14  | 9   | 14  | 7   | 11  | 9   | 6   | 8   | 9   | 13  | 9   | 9   | 9   | 8   | 11  | 19  | 9   | 19  | 
| --------------------------------------------------------------------------------------------------------------------------------------------------------------------------------------------------------------------------------------------------------------| 
| Asgeir Granås - Pick Player          | 2000657174 | 15  | 13  | 12  | 9   | 18  | 11  | 7   | 9   | 12  | 12  | 10  | 3   | 6   | 2   | 6   | 7   | 10  | 10  | 12  | 3   | 4   | 12  | 6   | 9   | 18  | 10  | 11  | 4   | 12  | 7   | 8   | 8   | 6   | 18  | 
| --------------------------------------------------------------------------------------------------------------------------------------------------------------------------------------------------------------------------------------------------------------| 
| William Christoffersen - Pick Player | 2000659946 | 11  | 17  | 10  | 9   | 12  | 8   | 1   | 9   | 7   | 11  | 9   | 6   | 3   | 1   | 2   | 11  | 5   | 16  | 12  | 2   | 2   | 2   | 2   | 8   | 13  | 10  | 8   | 12  | 1   | 10  | 7   | 7   | 1   | 19  | 
| --------------------------------------------------------------------------------------------------------------------------------------------------------------------------------------------------------------------------------------------------------------| 
| Josu Prieto - Pick Player            | 2000663360 | 15  | 12  | 12  | 14  | 9   | 14  | 13  | 13  | 12  | 9   | 8   | 10  | 7   | 12  | 13  | 14  | 14  | 12  | 12  | 8   | 12  | 6   | 11  | 15  | 9   | 10  | 7   | 11  | 7   | 3   | 14  | 10  | 11  | 18  | 
| --------------------------------------------------------------------------------------------------------------------------------------------------------------------------------------------------------------------------------------------------------------| 
| Lukas Majernik - Pick Player         | 2000709581 | 17  | 14  | 15  | 11  | 6   | 14  | 15  | 11  | 8   | 7   | 9   | 6   | 8   | 9   | 14  | 16  | 10  | 11  | 15  | 8   | 15  | 6   | 12  | 13  | 8   | 14  | 8   | 15  | 5   | 3   | 14  | 8   | 9   | 17  | 
| --------------------------------------------------------------------------------------------------------------------------------------------------------------------------------------------------------------------------------------------------------------| 
| Vladimir Weber - Pick Player         | 2000709956 | 14  | 11  | 11  | 14  | 16  | 9   | 8   | 11  | 14  | 10  | 10  | 8   | 7   | 9   | 12  | 11  | 12  | 10  | 16  | 11  | 8   | 9   | 9   | 11  | 10  | 14  | 11  | 13  | 12  | 3   | 12  | 11  | 4   | 17  | 
| --------------------------------------------------------------------------------------------------------------------------------------------------------------------------------------------------------------------------------------------------------------| 
| Álejandro Gándara - Pick Player      | 2000737996 | 14  | 14  | 14  | 14  | 2   | 13  | 14  | 11  | 10  | 3   | 6   | 4   | 4   | 11  | 13  | 11  | 10  | 9   | 10  | 4   | 11  | 2   | 7   | 14  | 4   | 12  | 5   | 10  | 4   | 7   | 7   | 14  | 7   | 16  | 
| --------------------------------------------------------------------------------------------------------------------------------------------------------------------------------------------------------------------------------------------------------------| 

